index	Prevotellaceae	Acholeplasmataceae	Erysipelatoclostridiaceae	Lachnospiraceae	Rikenellaceae	Muribaculaceae	Atopobiaceae	Ruminococcaceae	Eggerthellaceae	Oscillospiraceae	Others
A001	34.38192771	11.77108434	7.322891566	12.03373494	2.313253012	2.497590361	1.591566265	2.362650602	2.5	1.591566265	21.63373494
A002	38.13855422	20.3313253	12.31445783	8.887951807	3.15060241	4.092771084	0.793975904	1.16746988	1.322891566	0.697590361	9.102409639
A003	32.55180723	23.15903614	11.26506024	8.943373494	2.857831325	2.995180723	0.787951807	1.075903614	1.238554217	0.889156627	14.23614458
A004	33.6	11.00240964	9.260240964	11.40722892	2.522891566	4.710843373	0.739759036	1.745783133	2.706024096	1.593975904	20.71084337
A005	23.81084337	31.63253012	6.140963855	11.88795181	0.908433735	4.719277108	2.710843373	1.727710843	1.1	1.119277108	14.24216867
A006	31.12048193	22.05662651	8.401204819	10.42409639	2.413253012	2.343373494	2.498795181	1.792771084	1.771084337	1.292771084	15.88554217
A007	24.99156627	36.96385542	15.08192771	5.277108434	1.908433735	3.026506024	0.872289157	0.726506024	1.371084337	0.693975904	9.086746988
A008	34.03614458	31.55783133	13.15180723	4.885542169	2.101204819	3.301204819	0.769879518	0.728915663	1.681927711	0.639759036	7.145783133
A009	20.87228916	24.65542169	10.5253012	11.37590361	0.943373494	1.26626506	2.642168675	1.673493976	1.651807229	2.491566265	21.90240964
A010	23.1686747	17.05301205	8.224096386	16.1253012	0.591566265	2.098795181	5.279518072	2.562650602	1.61686747	2.081927711	21.19759036
A011	36.05301205	19.65542169	5.965060241	14.81204819	1.103614458	1.204819277	0.534939759	1.780722892	4.818072289	1.551807229	12.52048193
A012	46.21807229	16.71204819	11.67590361	4.771084337	2.954216867	3.208433735	0.451807229	0.93373494	2.134939759	0.819277108	10.12048193
A013	21.93253012	15.98554217	9.309638554	20.94819277	0.402409639	4.093975904	1.73253012	2.248192771	2.742168675	2.278313253	18.32650602
A014	26.76506024	21.70240964	8.161445783	10.95783133	1.684337349	6.953012048	1.784337349	1.58313253	1.940963855	1.265060241	17.20240964
A015	42.16987952	13.44096386	13.28554217	9.114457831	6.589156627	5.148192771	1.038554217	1.253012048	0.886746988	0.63253012	6.440963855
A016	38.17108434	21.26144578	15.51566265	5.46746988	3.83373494	4.621686747	0.620481928	0.869879518	1.362650602	0.577108434	7.698795181
A017	43.64939759	11.16626506	10.55180723	9.081927711	2.05060241	5.527710843	1.477108434	0.989156627	2.340963855	0.893975904	12.27108434
A018	34.24216867	20.38795181	11.39518072	9.745783133	5.587951807	2.759036145	1.409638554	1.219277108	1.169879518	0.842168675	11.24096386
A019	34.1	22.02771084	9.897590361	9.537349398	2.412048193	3.863855422	2.137349398	1.453012048	1.443373494	1.234939759	11.89277108
A020	31.84939759	6.06746988	8.474698795	13.11445783	3.012048193	8.861445783	2.226506024	2.575903614	2.46626506	1.56746988	19.78433735
A021	52.31204819	4.151807229	3.68313253	13.70722892	4.861445783	3.385542169	1.590361446	2.119277108	2.840963855	1.014457831	10.33373494
A022	52.37108434	8.110843373	7.293975904	9.540963855	3.107228916	6.436144578	1.595180723	1.180722892	1.224096386	0.657831325	8.481927711
A023	44.76746988	12.51445783	5.178313253	13.22048193	3.459036145	2.963855422	0.739759036	2.187951807	1.712048193	1.18313253	12.07349398
A024	45.78072289	11.3373494	10.82891566	8.877108434	1.802409639	4.874698795	1.390361446	1.315662651	1.801204819	0.821686747	11.16987952
A025	29.24216867	28.93614458	6.76626506	7.812048193	3.927710843	2.073493976	1.14939759	1.357831325	3.827710843	1.48313253	13.42409639
A026	19.56024096	13.74819277	13.48192771	13.31204819	0.308433735	2.139759036	1.475903614	1.726506024	3.744578313	2.071084337	28.4313253
A027	35.12289157	11.18313253	18.27710843	12.55060241	1.395180723	2.339759036	1.738554217	2.36746988	1.640963855	1.422891566	11.96144578
A028	27.55060241	25.08313253	5.155421687	12.1373494	1.243373494	7.302409639	1.84939759	2.615662651	2.313253012	1.285542169	13.46385542
A029	34.04939759	20.58433735	7.277108434	8.693975904	1.644578313	3.615662651	2.108433735	1.65060241	8.475903614	1.148192771	10.75180723
A030	36.50722892	18.77108434	7.736144578	7.372289157	1.818072289	5.627710843	0.785542169	1.540963855	7.192771084	1.169879518	11.47831325
A034	23.36746988	12.08313253	10.63493976	11.35180723	1.537349398	5.189156627	1.481927711	2.892771084	7.209638554	1.691566265	22.56024096
A035	28.70481928	21.74939759	5.73373494	9.859036145	0.690361446	3.597590361	2.96746988	2.231325301	6	1.472289157	16.9939759
A036	26.55060241	31.64337349	15.19879518	8.495180723	1.246987952	3.425301205	0.648192771	1.575903614	1.345783133	1.143373494	8.726506024
A037	27.44457831	31.64578313	6.797590361	5.95060241	1.28313253	2.961445783	0.759036145	1.140963855	7.142168675	1.143373494	13.7313253
A038	27.54698795	25.9939759	12.22891566	8.878313253	1.527710843	2.379518072	1.442168675	2.079518072	2.579518072	1.198795181	14.14457831
A039	15.17951807	14.47831325	14.61325301	14.77951807	0.742168675	3.275903614	5.243373494	2.572289157	2.540963855	2.031325301	24.54337349
A040	24.79638554	23.6746988	6.362650602	10.23253012	1.210843373	2.421686747	2.959036145	2.118072289	4.397590361	1.754216867	20.07228916
A041	17.65903614	14.07831325	12.39638554	14.31686747	1.554216867	3.628915663	3.51686747	2.092771084	3.039759036	2.037349398	25.67951807
A042	24.8626506	26.62168675	9.713253012	8.748192771	0.937349398	5.03373494	4.522891566	1.446987952	3.159036145	1.5	13.45421687
A043	27.17228916	13.48313253	9.826506024	12.15662651	3.21686747	3.33253012	2.184337349	3.859036145	2.969879518	1.434939759	20.36385542
A044	24.38915663	19.07710843	21.73493976	11.37831325	4.989156627	3.038554217	1.139759036	2.086746988	1.26746988	1.512048193	9.386746988
A045	31.51204819	30.21204819	13.40722892	6.715662651	1.936144578	3.218072289	0.889156627	1.477108434	1.01686747	1.196385542	8.419277108
A046	20.02409639	16.32289157	7.377108434	14.48795181	1.031325301	5.509638554	7.356626506	2.298795181	3.168674699	1.986746988	20.43614458
A048	18.62771084	26.89638554	19.01204819	11.07349398	1.355421687	3.028915663	3.725301205	2.36746988	0.619277108	1.971084337	11.32289157
A049	17.52650602	18.50120482	6.020481928	15.68433735	0.734939759	2.903614458	1.895180723	2.056626506	2.448192771	3.254216867	28.9746988
A050	26.84819277	26.10120482	6.071084337	8.124096386	3.931325301	3.338554217	2.269879518	2.318072289	2.910843373	1.546987952	16.53975904
A051	10.58072289	36.46385542	21.76144578	8.345783133	0.524096386	2.327710843	1.985542169	1.273493976	1.742168675	1.353012048	13.64216867
A052	11.94096386	21.68313253	16.52289157	17.60361446	0.508433735	0.971084337	4.046987952	3.022891566	1.838554217	2.280722892	19.58072289
A053	18.54698795	33.1686747	6	8.487951807	1.23253012	3.518072289	2.104819277	2.361445783	2.662650602	1.439759036	20.47710843
A054	23.03614458	23.50722892	8.160240964	8.714457831	2.712048193	4.957831325	4.979518072	1.5	2.419277108	1.857831325	18.15542169
A055	21.01084337	36.51084337	17.51084337	8.542168675	0.619277108	1.472289157	1.384337349	1.289156627	2.095180723	1.055421687	8.509638554
A056	16.47228916	16.78554217	22.86626506	12.9253012	0.726506024	0.839759036	3.260240964	2.189156627	1.915662651	2.043373494	19.97590361
A057	16.22650602	35.98674699	19.83614458	11.06626506	0.427710843	1.765060241	0.951807229	1.528915663	1.356626506	1.325301205	9.528915663
A058	11.44698795	31.55421687	27.6746988	9.054216867	0.348192771	1.106024096	1.342168675	2.265060241	0.660240964	1.931325301	12.61686747
A060	27.76024096	23.62289157	9.325301205	8.459036145	2.43373494	2.798795181	2.577108434	2.304819277	2.609638554	1.492771084	16.61566265
A061	26.97831325	22.28072289	13.48192771	6.956626506	3.76626506	6.15060241	2.775903614	1.443373494	1.939759036	1.36746988	12.85903614
A062	29.03855422	30.38313253	9.195180723	6.173493976	1.708433735	3.959036145	1.784337349	1.108433735	4.137349398	1.172289157	11.33975904
A063	26.73975904	16.32771084	18.24939759	12.22409639	0.944578313	1.981927711	2.997590361	2.121686747	0.993975904	1.943373494	15.47590361
A064	25.98433735	17.62048193	7.339759036	10.98795181	0.653012048	5.563855422	6.765060241	1.591566265	1.798795181	2.003614458	19.69156627
A065	25.7313253	12.71927711	6.060240964	13.5253012	2.248192771	3.107228916	4.245783133	2.660240964	3.498795181	2.213253012	23.99036145
A066	27.1373494	22.01566265	18.06987952	12.05662651	0.753012048	2.814457831	1.819277108	2.001204819	1.454216867	1.720481928	10.15783133
A067	16.30361446	19.95662651	14.65180723	16.54096386	0.496385542	2.727710843	3.121686747	2.854216867	2.145783133	1.819277108	19.38192771
A068	25.19036145	28.01807229	14.83493976	6.727710843	2.46626506	4.162650602	1.544578313	1.139759036	1.493975904	0.996385542	13.4253012
A069	24.77349398	11.42168675	20.55060241	19.07831325	1.534939759	2.628915663	3.155421687	1.94939759	0.815662651	1.636144578	12.45542169
A070	37.29879518	25.21807229	6.36746988	6.893975904	2.28313253	4.487951807	0.646987952	1.601204819	3.645783133	1.248192771	10.30843373
A071	36.65783133	17.94337349	14.76626506	9.686746988	3.104819277	2.426506024	1.227710843	1.685542169	1.022891566	1.16626506	10.31204819
A072	26.3626506	20.85542169	10.54457831	11.70120482	0.886746988	6.207228916	2.318072289	1.554216867	1.322891566	1.354216867	16.89277108
A073	33.46746988	19.72048193	15.97951807	10.68795181	0.780722892	3.742168675	0.544578313	2.76746988	1.279518072	1.2	9.830120482
A074	38.16987952	18.02289157	12.35542169	7.85060241	1.953012048	8.177108434	0.757831325	1.091566265	0.990361446	0.740963855	9.890361446
A075	23.51927711	16.41686747	22.14216867	7.834939759	1.108433735	1.527710843	1.506024096	1.997590361	0.885542169	1.472289157	21.58915663
A076	41.25903614	16.13373494	6.536144578	7.748192771	3.821686747	3.062650602	1.260240964	1.615662651	1.261445783	1.357831325	15.94337349
A077	41.69036145	10.61927711	7.826506024	11.18433735	1.244578313	7.977108434	1.295180723	1.609638554	2.337349398	1.302409639	12.91325301
A078	36.81686747	30.22771084	6.879518072	6.53253012	1.591566265	2.074698795	0.898795181	1.812048193	1.125301205	1.08313253	10.95783133
A079	19.38795181	13.1686747	18.40481928	17.51325301	0.54939759	1.420481928	1.660240964	2.808433735	1.902409639	2.918072289	20.26626506
A080	48.48554217	15.38192771	10.04457831	6.004819277	1.722891566	4.604819277	0.384337349	1.553012048	1.390361446	0.928915663	9.498795181
A081	44.34698795	15.44819277	8.857831325	10.16626506	2.034939759	1.897590361	1.162650602	1.978313253	1.934939759	1.051807229	11.12048193
A082	27.42771084	10.38072289	14.08915663	16.67590361	1.236144578	3.530120482	3.710843373	2.563855422	0.63253012	1.561445783	18.19156627
A083	34.2060241	17.46746988	18.67590361	8.213253012	1.107228916	3.548192771	1.513253012	1.578313253	0.512048193	0.81686747	12.36144578
A084	34.34939759	25.2939759	9.644578313	11.44337349	1.725301205	2.869879518	1.587951807	2.025301205	0.897590361	0.910843373	9.251807229
A085	27.1939759	9.807228916	20.1373494	20.10481928	2.353012048	3.128915663	4.236144578	1.884337349	0.625301205	1.015662651	9.513253012
A086	21.14698795	13.08915663	15.57831325	16.91445783	0.375903614	3.334939759	7.819277108	2.003614458	0.848192771	1.493975904	17.39518072
A087	30.18192771	14.8253012	9.020481928	14.71566265	2.501204819	3.177108434	3.640963855	2.014457831	1.669879518	1.556626506	16.69638554
A088	32.11325301	22.47108434	5.88313253	14.43012048	1.840963855	3.568674699	2.796385542	2.569879518	0.986746988	1.506024096	11.83373494
A089	20.1	21.48795181	23.89879518	8.877108434	0.479518072	2.578313253	5.971084337	1.307228916	0.438554217	1.908433735	12.95301205
A090	32.56144578	23.15421687	13.8313253	11.24578313	1.448192771	4.872289157	0.907228916	1.898795181	1.392771084	0.827710843	7.860240964
A091	26.50481928	15.45903614	13.15662651	20.11566265	1.365060241	6.085542169	1.871084337	2.331325301	0.946987952	1.407228916	10.75662651
A092	32.29518072	22.10722892	6.255421687	13.37831325	1.185542169	3.614457831	2.151807229	2.390361446	1.618072289	1.65060241	13.35301205
A094	15.29879518	16.73012048	18.98192771	11.8939759	0.38313253	2.198795181	13.1	1.524096386	0.336144578	2.465060241	17.08795181
A095	17.71084337	32.30843373	23.01807229	6.308433735	0.525301205	1.953012048	1.079518072	1.608433735	0.425301205	1.046987952	14.01566265
A096	26.01927711	16.6060241	6.746987952	16.8253012	1.285542169	1.36746988	11.63614458	1.457831325	0.643373494	1.962650602	15.44939759
A097	29.37349398	11.83493976	15.07228916	19.57710843	2.062650602	6.157831325	3.242168675	2.13253012	0.509638554	0.86746988	9.169879518
A098	31.24337349	16.04578313	16.69277108	15.80722892	1.03373494	3.128915663	3.868674699	1.936144578	0.807228916	0.971084337	8.465060241
A099	48.24939759	10.22289157	13.29156627	11.80722892	1.720481928	1.995180723	1.677108434	2.44939759	1.007228916	0.684337349	6.895180723
A100	49.75060241	12.34216867	8.210843373	11.85542169	1.648192771	2.793975904	1.626506024	2.596385542	1.603614458	0.845783133	6.726506024
A101	43.25662651	14.16024096	14.31445783	9.48313253	2.238554217	4.404819277	1.431325301	1.18313253	1.831325301	0.628915663	7.06746988
A102	36.66746988	10.12409639	20.50722892	16.43493976	1.504819277	1.261445783	3.202409639	1.889156627	1.110843373	0.751807229	6.545783133
A103	26.28192771	12.53855422	10.70361446	27.04578313	1.045783133	2.315662651	6.384337349	1.681927711	0.785542169	1.242168675	9.974698795
A104	39.72891566	13.68795181	15.68433735	15.82891566	0.974698795	1.553012048	2.561445783	1.724096386	1.360240964	0.76626506	6.130120482
A105	37.02409639	17.84819277	8.687951807	14.0313253	2.978313253	1.769879518	3.485542169	1.772289157	1.454216867	1.11686747	9.831325301
A106	43.52409639	8.736144578	9.944578313	16.76987952	3.754216867	3.272289157	2.968674699	1.345783133	0.651807229	0.875903614	8.156626506
A107	43.95542169	7.844578313	14.55903614	16.36506024	2.78313253	3.101204819	1.636144578	1.638554217	0.710843373	0.697590361	6.708433735
A108	47.27349398	5.277108434	8.343373494	17.67710843	1.915662651	3.514457831	3.161445783	1.686746988	0.821686747	0.942168675	9.386746988
A109	36.9	10.76746988	21.30120482	15.14216867	1.56626506	1.872289157	1.951807229	2.415662651	0.804819277	0.672289157	6.606024096
A110	37.13614458	10.44216867	15.18674699	17.10240964	1.584337349	1.730120482	6.006024096	2.065060241	0.821686747	0.926506024	6.998795181
A111	38.59036145	8.680722892	17.50843373	17.83493976	3.397590361	2.528915663	1.063855422	2.140963855	0.851807229	0.908433735	6.493975904
A112	42.54096386	10.25542169	12.82289157	12.70361446	1.937349398	6.261445783	2.012048193	1.593975904	0.765060241	0.730120482	8.377108434
A113	36.99277108	11.04337349	11.46385542	19.88192771	2.98313253	2.892771084	3.189156627	1.715662651	0.740963855	1.019277108	8.077108434
A114	31.81807229	9.004819277	19.90120482	18.82409639	0.903614458	1.751807229	6.007228916	2.165060241	0.822891566	0.977108434	7.824096386
A115	39.38313253	11.59759036	17.58674699	14.08915663	1.977108434	1.53373494	3.73253012	1.338554217	0.686746988	1.078313253	6.996385542
A116	46.7686747	5.495180723	20.9060241	13.30722892	3.589156627	2.427710843	0.545783133	1.302409639	0.460240964	0.457831325	4.739759036
A117	48.2626506	10.13493976	14.53012048	14.24216867	0.873493976	1.48313253	1.75060241	1.908433735	0.927710843	0.707228916	5.179518072
A118	41.7373494	12.31807229	16.2746988	10.65783133	2.4	4.998795181	1.368674699	1.134939759	0.606024096	0.65060241	7.853012048
A119	30.28072289	7.802409639	10.45421687	28.44337349	1.254216867	1.54939759	5.768674699	1.337349398	0.831325301	1.228915663	11.04939759
A120	43.23253012	12.0253012	18.63975904	10.21927711	2.137349398	2.686746988	1.818072289	1.138554217	0.774698795	0.653012048	6.674698795
A121	40.0686747	15.18313253	19.00120482	12.06385542	1.93373494	1.598795181	0.778313253	1.795180723	1.154216867	0.7	5.722891566
A122	42.49638554	13.44939759	17.04096386	11.83975904	3.297590361	1.221686747	1.637349398	1.374698795	1.08313253	0.654216867	5.904819277
A123	47	12.74337349	15.88915663	10.8686747	3.614457831	1.585542169	0.397590361	1.553012048	0.828915663	0.615662651	4.903614458
A124	39.0373494	16.32771084	19.87831325	11.19036145	1.190361446	1.207228916	1.937349398	1.63253012	1.237349398	0.734939759	5.626506024
A125	52.82289157	12.46987952	8.190361446	10.58915663	3.412048193	1.262650602	0.679518072	2.151807229	0.677108434	0.798795181	6.945783133
A126	40.33855422	9.943373494	23.15060241	9.579518072	2.415662651	3.413253012	1.356626506	1.23373494	0.622891566	0.619277108	7.326506024
B002	25.44819277	16.00481928	14.26506024	7.686746988	10.31927711	11.10240964	0.914457831	1.94939759	0.889156627	0.906024096	10.51445783
B003	23.57590361	10.64939759	11.61084337	7.306024096	15.64457831	18.09036145	0.985542169	1.368674699	0.597590361	0.806024096	9.365060241
B004	14.68554217	12.66746988	15.19638554	14.32289157	11	13.34819277	2.479518072	1.25060241	0.707228916	1.154216867	13.18795181
B005	13.53253012	18.3746988	24.86626506	6.653012048	9.421686747	6.937349398	1.036144578	1.136144578	0.975903614	0.877108434	16.18915663
B006	5.485542169	29.41084337	44.76024096	5.596385542	1.143373494	1.022891566	1.471084337	0.548192771	0.503614458	0.606024096	9.451807229
B007	7.661445783	30.83373494	39.67349398	7.406024096	1.85060241	1.542168675	0.709638554	0.427710843	0.621686747	0.591566265	8.681927711
B008	12.25421687	37.10963855	23.94216867	9.9	1.345783133	2.21686747	1.073493976	0.948192771	1.336144578	0.754216867	9.119277108
B009	19.38674699	30.95542169	23.6253012	4.044578313	5.031325301	4.643373494	0.520481928	1.230120482	0.527710843	0.561445783	9.473493976
B010	21.19638554	17.9626506	27.82771084	5.610843373	9.874698795	5.287951807	0.718072289	1.3	0.46626506	0.948192771	8.807228916
B012	24.93614458	21.92289157	22.42168675	6.159036145	10.73373494	2.446987952	0.58313253	1.544578313	0.540963855	0.844578313	7.86626506
B014	12.23975904	39.84337349	20.8626506	5.651807229	5.931325301	4.631325301	0.696385542	0.859036145	0.672289157	0.73253012	7.879518072
B015	22.14216867	28.69277108	17.48313253	5.931325301	10.48554217	3.063855422	1.126506024	1.779518072	0.46746988	0.612048193	8.215662651
B016	21.28313253	13.13855422	26.80120482	6.202409639	9.254216867	12.52771084	0.863855422	0.926506024	0.35060241	0.837349398	7.814457831
B017	17.9313253	14.56746988	28.06746988	9.93253012	4.16746988	7.507228916	2.707228916	0.760240964	0.231325301	0.696385542	13.4313253
B018	11.01204819	24.78795181	44.03373494	4.457831325	4.621686747	2.186746988	0.78313253	0.687951807	0.656626506	0.444578313	6.327710843
B019	22.99518072	25.83975904	13.01445783	7.872289157	7.986746988	7.513253012	0.86626506	1.540963855	0.368674699	1.242168675	10.76024096
B020	7.512048193	36.37710843	28.8313253	5.709638554	3.769879518	5.869879518	0.504819277	0.877108434	0.528915663	1.162650602	8.856626506
B021	16.70361446	34.69036145	24.76746988	3.606024096	2.606024096	5.718072289	0.43373494	1.220481928	1.095180723	0.785542169	8.373493976
B022	12.60481928	37.06987952	21.91204819	5.06626506	2.702409639	7	0.624096386	0.879518072	1.773493976	0.886746988	9.480722892
B023	22.6373494	17.68433735	19.60120482	8.021686747	6.112048193	9.775903614	1.298795181	1.774698795	1.612048193	1.689156627	9.792771084
B024	21.63493976	11.11686747	21.29759036	7.561445783	4.751807229	16.62289157	2.78313253	0.945783133	1.026506024	1.245783133	11.01325301
B025	20.3939759	20.90963855	26.05542169	10.31566265	2.193975904	8.86626506	1.418072289	1.121686747	1.295180723	0.720481928	6.709638554
B026	28.5373494	10.94819277	16.75903614	7.487951807	8.720481928	15.82650602	0.828915663	1.887951807	0.734939759	0.739759036	7.528915663
B027	19.65903614	26.79036145	28.73253012	3.842168675	4.477108434	6.102409639	1.098795181	1.412048193	0.573493976	0.559036145	6.753012048
B028	30.12289157	24.10722892	15.92650602	5.042168675	6.126506024	6.731325301	0.395180723	1.156626506	0.863855422	0.678313253	8.84939759
B029	17.14216867	36.08433735	21.95662651	4.139759036	4.387951807	4.475903614	0.373493976	0.68313253	0.404819277	0.525301205	9.826506024
B030	19.9686747	13.29638554	15.30481928	13.95060241	0.409638554	9.461445783	3.353012048	1.451807229	0.691566265	2.55060241	19.56144578
B031	18.75301205	31.39759036	16.83253012	7.219277108	6.136144578	4.484337349	0.64939759	0.886746988	1.753012048	0.931325301	10.95662651
B032	23.00843373	20.48433735	13.58433735	7.571084337	8.487951807	8.427710843	0.679518072	1.165060241	3.040963855	0.961445783	12.58915663
B033	23.00361446	16.46024096	13.93855422	7.802409639	5.980722892	8.124096386	2.977108434	1.393975904	2.293975904	1.493975904	16.5313253
B034	18.52771084	19.80481928	17.42891566	9.925301205	2.425301205	6.58313253	3.634939759	1.298795181	1.210843373	1.440963855	17.71927711
B035	19.30843373	30.65662651	10.92409639	7.518072289	2.679518072	5.886746988	1.030120482	1.619277108	1.680722892	1.308433735	17.38795181
B036	23.31445783	9.23253012	16.74216867	10.35180723	9.192771084	1.760240964	3.386746988	1.607228916	8.892771084	1.210843373	14.30843373
B037	10.16144578	54.11927711	10.19638554	5.604819277	5.34939759	1.902409639	0.8	0.868674699	1.295180723	0.878313253	8.824096386
B038	24.08915663	17.43614458	9.054216867	8.136144578	11.5746988	4.410843373	1.910843373	1.825301205	3.054216867	1.16746988	17.34096386
B039	26.61566265	18.60843373	8.855421687	8.127710843	6.096385542	7.165060241	1.907228916	1.78313253	1.837349398	1.378313253	17.6253012
B040	27.62409639	13.87951807	11.21686747	8.412048193	9.668674699	3.044578313	1.812048193	2.296385542	6.279518072	1.002409639	14.76385542
B041	9.172289157	40.42048193	13.40240964	10.92168675	6.455421687	3.613253012	1.008433735	1.353012048	2.685542169	1.093975904	9.873493976
B042	19.28554217	27.03493976	15.7373494	6.28313253	3.291566265	4.073493976	1.038554217	1.678313253	2.268674699	1.095180723	18.21325301
B043	20.24457831	32.12771084	9.395180723	10.05060241	5.480722892	3.798795181	1.872289157	1.607228916	2.501204819	1.412048193	11.50963855
B044	10.45301205	43.21084337	15.53012048	9.593975904	4.328915663	3.478313253	1.148192771	1.138554217	1.362650602	1.095180723	8.660240964
B045	21.13012048	22.39879518	13.65903614	5.313253012	7.544578313	8.759036145	0.418072289	2.054216867	1.225301205	1.151807229	16.34578313
B046	9.291566265	49.02168675	10.47710843	8.424096386	4.509638554	3.008433735	1.336144578	0.959036145	1.965060241	1.124096386	9.88313253
B047.2	18.55060241	11.48674699	22.67228916	9.085542169	3.879518072	6.654216867	2.196385542	1.281927711	2.190361446	1.360240964	20.64216867
B047	19.43975904	15.39518072	7.560240964	10.21927711	3.737349398	4.561445783	1.140963855	2.51686747	5.069879518	1.627710843	28.7313253
B048	11.92771084	21.06626506	18.20361446	10.80963855	3.007228916	2.481927711	2.436144578	1.606024096	8.857831325	1.073493976	18.53012048
B049	29.34819277	14.63975904	16.58192771	9.078313253	3.802409639	3.785542169	1.292771084	1.677108434	2.510843373	1.378313253	15.90481928
B050	13.52048193	21.06385542	13.69759036	14.68313253	3.369879518	3.672289157	2.856626506	2.112048193	3.878313253	1.710843373	19.43493976
B052	27.37710843	28.67228916	6.202409639	8.897590361	6.808433735	3.415662651	0.779518072	1.781927711	4.018072289	1.096385542	10.95060241
B053	28.70843373	23.10361446	8.351807229	8.621686747	8.536144578	3.295180723	0.710843373	2.202409639	2.806024096	1.320481928	12.34337349
B054	20.23493976	21.4253012	9.663855422	12.06506024	1.325301205	1.512048193	2.056626506	1.8	10.95060241	1.656626506	17.30963855
B055	14.00240964	26.07710843	10.00240964	17.48313253	5.660240964	3.86746988	3.044578313	1.636144578	2.301204819	1.463855422	14.46144578
B056	23.83253012	19.50722892	6.438554217	12.61325301	4.809638554	2.315662651	1.401204819	2.604819277	6.48313253	1.530120482	18.46385542
B057	19.29759036	20.94698795	8.48313253	18.83855422	3.043373494	3.386746988	2.06626506	2.524096386	2.084337349	1.38313253	17.94578313
B058	39.55421687	10.98433735	8.961445783	11.5939759	3.08313253	3.836144578	1.136144578	2.931325301	3.156626506	1.11686747	13.64578313
B059	17.36024096	9.492771084	9.713253012	24.85542169	3.385542169	3.81686747	1.756626506	2.75060241	2.807228916	1.621686747	22.43975904
B061	21.98433735	30.45060241	7.736144578	8.889156627	6.563855422	4.68313253	0.472289157	1.74939759	2.507228916	1.253012048	13.71084337
B063	35.88674699	10.57710843	12.31204819	11.10722892	2.902409639	4.146987952	0.810843373	2.674698795	4.559036145	1.339759036	13.68313253
B064	22.0060241	25.79518072	9.892771084	9.643373494	10.27349398	5.792771084	0.648192771	1.679518072	2.9	1.210843373	10.15783133
B065	37.06987952	16.09879518	13.04819277	6.713253012	7.706024096	3.36746988	0.640963855	1.278313253	0.998795181	0.938554217	12.13975904
B066	21.1253012	19.36746988	13.7373494	11.50120482	7.540963855	6.596385542	1.220481928	1.580722892	1.318072289	1.087951807	14.92409639
B067	28.85903614	26.22289157	9.806024096	9.013253012	4.051807229	9.601204819	0.86626506	1.342168675	1.386746988	0.73373494	8.11686747
B068	30.96144578	29.73012048	7.174698795	7.940963855	6.572289157	3.1	0.336144578	1.501204819	1.054216867	0.872289157	10.75662651
B069	28.22771084	17.23614458	11	15.09879518	6.171084337	3.308433735	1.155421687	1.692771084	2.568674699	0.884337349	12.65662651
B070	35.49277108	21.91325301	8.538554217	7.443373494	7.404819277	6.522891566	0.306024096	1.931325301	1.343373494	0.792771084	8.310843373
B071	23.09036145	18.26024096	12.55060241	12.75662651	10.3	2.713253012	1.762650602	1.456626506	2.548192771	0.94939759	13.61204819
B072	33.63012048	22.13493976	11.43855422	8.468674699	5.825301205	5.072289157	0.475903614	1.13253012	2.536144578	0.979518072	8.306024096
B073	29.78915663	21.56024096	9.053012048	10.55180723	6.079518072	3.126506024	0.665060241	1.784337349	3.825301205	0.944578313	12.62048193
B074	24.34096386	10.04457831	6.901204819	12.96024096	16.42168675	11.31445783	0.446987952	2.301204819	3.26626506	0.877108434	11.1253012
B075	25.08433735	29.03012048	14.79156627	6.638554217	9.979518072	3.751807229	0.478313253	1.384337349	0.798795181	0.606024096	7.456626506
B076	36.27349398	14.65662651	12.31445783	7.568674699	8.657831325	4.081927711	0.915662651	1.759036145	1.040963855	1.14939759	11.58192771
B077	13.57831325	34.84698795	9.153012048	7.536144578	10.08915663	10.19759036	1.481927711	0.785542169	1.039759036	0.675903614	10.61566265
B079	27.23373494	14.9	10.68795181	15.87831325	3.990361446	4.526506024	2.030120482	1.743373494	1.93253012	1.195180723	15.88192771
B080	24.76987952	21.91084337	8.113253012	7.998795181	12.71325301	11.51204819	0.507228916	0.780722892	0.619277108	0.853012048	10.22168675
B081	13.59518072	25.44337349	15.54457831	9.189156627	7.495180723	13.3253012	1.875903614	0.746987952	0.93253012	0.719277108	11.13253012
B082	32.43012048	14.03855422	10.15301205	10.11325301	3.831325301	6.771084337	2.1	1.48313253	1.953012048	1.175903614	15.95060241
B083	13.68554217	40.30843373	16.7	8.785542169	2.971084337	2.810843373	0.757831325	0.980722892	0.936144578	0.796385542	11.26746988
B084	32.33012048	11.94939759	9.592771084	12.9939759	7.112048193	7.185542169	2.18313253	1.310843373	0.874698795	1.077108434	13.39036145
B085	36.68554217	10.98072289	8.690361446	17.43855422	9.387951807	2.625301205	0.878313253	1.956626506	0.827710843	0.938554217	9.590361446
B086	9.76626506	48.49156627	18.23373494	5.721686747	2.191566265	4.144578313	0.791566265	0.893975904	0.762650602	0.695180723	8.307228916
B087	17.72409639	36.18674699	19.43493976	6.673493976	2.395180723	5.763855422	0.839759036	0.722891566	0.912048193	0.662650602	8.684337349
B088	26.11445783	10.71325301	16.94457831	21.92048193	4.038554217	1.578313253	1.780722892	1.03253012	1.331325301	0.919277108	13.62650602
B089	24.17228916	12.03253012	9.855421687	23.2313253	3.101204819	2.342168675	3.228915663	1.619277108	1.821686747	1.313253012	17.28192771
B090	20.41445783	16.63855422	12.64337349	10.10361446	4.695180723	9.481927711	3.256626506	1.978313253	2.186746988	1.106024096	17.49518072
B091	19.99156627	27.34698795	15.77590361	11.95060241	2.075903614	2.91686747	1.289156627	1.397590361	3.236144578	0.769879518	13.24939759
B092	26.79156627	18.12409639	23.11325301	12.18554217	2.375903614	2.054216867	1.490361446	1.038554217	1.027710843	0.814457831	10.98433735
B093	32.92771084	11.76024096	15.58433735	11.67590361	6.065060241	2.974698795	1.314457831	2.163855422	2.246987952	0.885542169	12.40120482
B094	17.41084337	36.40240964	16.79518072	8.321686747	5.26626506	3.527710843	0.980722892	0.814457831	0.653012048	0.648192771	9.179518072
B095	27.84698795	15.21445783	13.14096386	19.34216867	4.619277108	1.808433735	1.893975904	1.281927711	0.671084337	1.007228916	13.17349398
B096	29.81686747	21	9.903614458	10.02650602	9.162650602	1.518072289	0.822891566	2.077108434	2.437349398	0.842168675	12.39277108
B097	19.36024096	21.89759036	10.86506024	13.64578313	2.368674699	2.943373494	3.809638554	2.093975904	3.875903614	1.280722892	17.85903614
B098	31.75180723	6.406024096	6.085542169	26.04578313	4.343373494	1.7	2.273493976	1.863855422	0.510843373	1.404819277	17.61445783
B099	43.39638554	11.48795181	6.181927711	8.810843373	6.498795181	5.35060241	0.56626506	3.187951807	2.021686747	0.762650602	11.73493976
C001	17.56144578	6.139759036	35.80843373	12.9313253	2.309638554	1.037349398	2.754216867	1.286746988	0.506024096	1.548192771	18.11686747
C002	24.41325301	29.10843373	16.76987952	8.673493976	3.830120482	1.743373494	0.936144578	1.630120482	0.506024096	1.014457831	11.3746988
C003	21.08795181	11.96987952	10.66506024	12.92650602	5.777108434	6.340963855	4.186746988	1.548192771	1.663855422	2.065060241	21.7686747
C004	31.34578313	21.55180723	18.18795181	8.46626506	3.273493976	3.51686747	1.043373494	1.359036145	0.715662651	0.693975904	9.845783133
C005	31.35060241	6.130120482	28.42771084	10.5746988	1.56746988	2.374698795	2.104819277	2.239759036	0.477108434	1.302409639	13.45060241
C006	17.71445783	14.35180723	12.32168675	17.63975904	2.3	7.573493976	2.996385542	1.784337349	1.828915663	1.227710843	20.26144578
C007	11.19518072	5.573493976	47.53253012	12.75421687	0.962650602	3.072289157	2.169879518	1.131325301	0.451807229	1.273493976	13.88313253
C008	17.8253012	6.95060241	17.16626506	13.96626506	4.160240964	8.140963855	3.742168675	1.395180723	0.56746988	1.28313253	24.80240964
C009	12.04096386	13.52891566	15.66506024	25.15783133	0.630120482	4.263855422	4.980722892	1.448192771	0.31686747	2.521686747	19.44578313
C010	18.71807229	32.55903614	23.99518072	7.551807229	3.58313253	1.237349398	0.618072289	0.812048193	0.762650602	0.696385542	9.46626506
C011	20.28433735	13.74819277	23.17590361	12.23012048	9.472289157	3.939759036	1.503614458	1.23373494	2.119277108	0.637349398	11.65542169
C012	18.4	12.76144578	24.81807229	17.11566265	0.881927711	1.06626506	2.291566265	2.190361446	0.803614458	1.78313253	17.88795181
C013	29.54096386	13.97349398	18.24096386	15.67951807	3.148192771	1.407228916	1.689156627	0.828915663	0.93253012	0.846987952	13.71204819
C014	28.75662651	8.526506024	22.95542169	17.54216867	5.022891566	1.390361446	1.755421687	1.821686747	0.606024096	1.393975904	10.22891566
C015	18.15301205	4.991566265	12.88072289	22.56626506	4.892771084	8.302409639	2.290361446	1.197590361	2.091566265	0.874698795	21.75903614
C016	19.52409639	6.83373494	25.48313253	20.31445783	2.087951807	4.18313253	4.034939759	1.779518072	0.377108434	1.469879518	13.91204819
C018	10.30240964	15.30361446	24.64698795	13.55421687	3.195180723	1.492771084	9.843373494	1.212048193	0.86746988	1.746987952	17.83493976
C019	21.51325301	26.94457831	16.64096386	9.269879518	6.093975904	2.604819277	1.196385542	0.786746988	0.820481928	1.419277108	12.70963855
C021	22.59638554	26.98072289	20.57951807	8.380722892	1.74939759	1.644578313	2.959036145	1.23373494	0.634939759	1.21686747	12.02409639
C022	24.12650602	32.24096386	16.1939759	6.334939759	8.480722892	0.812048193	1.53373494	0.644578313	0.403614458	0.801204819	8.427710843
C023	17.95542169	28.82168675	24.56144578	7.722891566	1.693975904	1.390361446	2.808433735	0.922891566	0.501204819	1.418072289	12.20361446
C024	26.30963855	39.41566265	10.69156627	6.418072289	5.265060241	0.789156627	0.697590361	0.859036145	0.462650602	0.7	8.391566265
C025	20.80722892	17.38795181	14.83012048	11.69759036	8.571084337	1.037349398	3.977108434	1.103614458	0.906024096	1.692771084	17.98915663
C026	17.09759036	39.05421687	16.41807229	7.110843373	6.180722892	0.828915663	1.004819277	0.974698795	0.569879518	0.969879518	9.790361446
C027	10.72289157	22.2060241	23.98915663	13.52048193	2.875903614	4.496385542	3.137349398	1.613253012	0.9	1.187951807	15.35060241
C028	13.11445783	27.99518072	25.50722892	11.78433735	4.921686747	1.612048193	1.596385542	0.878313253	0.618072289	1.209638554	10.7626506
C029	18.74096386	17.62168675	27.21445783	9.580722892	6.491566265	2.910843373	3.469879518	1.071084337	0.613253012	1.553012048	10.73253012
C030	12.98674699	41.27108434	16.97590361	9.448192771	3.675903614	1.180722892	0.859036145	0.869879518	0.861445783	1.109638554	10.76144578
C033	12.50722892	20.0746988	19.21807229	12.64819277	5.112048193	4.309638554	6.125301205	1.119277108	1.169879518	1.559036145	16.15662651
C034	7.648192771	58.17228916	11.74096386	7.436144578	2.284337349	1	0.509638554	0.519277108	1.255421687	1.01686747	8.41686747
C035	32.15662651	5.510843373	7.925301205	13.0253012	6.068674699	8.036144578	2.391566265	2.734939759	0.828915663	1.625301205	19.69638554
C036	22.28674699	7.725301205	24.01566265	9.31686747	7.639759036	9.009638554	1.731325301	1.609638554	0.544578313	1.353012048	14.76746988
C037	16.54337349	35.19277108	17.39518072	6.330120482	3.63373494	2.160240964	1.672289157	1.077108434	2.156626506	0.920481928	12.91807229
C039	33.34337349	10.28795181	10.7373494	8.797590361	11.88554217	5.03373494	2.601204819	1.490361446	2.597590361	1.231325301	11.9939759
C040	19.8939759	38.01927711	5.226506024	5.853012048	6.459036145	4.456626506	6.531325301	1.161445783	1.08313253	1.003614458	10.31204819
C041	26.65903614	22.32650602	11.86626506	9.838554217	3.8	1.989156627	7.322891566	1.145783133	1.502409639	0.869879518	12.67951807
C042	36.86746988	19.28554217	7.331325301	9.626506024	5.774698795	1.642168675	1.34939759	1.548192771	3.16746988	1.003614458	12.40361446
C043	33.14578313	6.679518072	9.486746988	18.69638554	8.069879518	6.31686747	0.985542169	2.685542169	0.440963855	1.415662651	12.07710843
C044	23.76506024	13.01807229	7.148192771	20.51445783	2.471084337	3.118072289	3.981927711	2.126506024	2.195180723	1.560240964	20.10120482
C045	35.85301205	7.803614458	7.068674699	20.34337349	6.392771084	5.965060241	0.93373494	2.213253012	0.386746988	1.231325301	11.80843373
C046	43.95180723	8.959036145	9.308433735	12.3	4.415662651	1.196385542	2.204819277	1.597590361	1.937349398	0.842168675	13.28674699
C047	16.33855422	4.419277108	31.80120482	13.68554217	7.012048193	8.679518072	1.674698795	1.019277108	0.279518072	1.290361446	13.8
C048	30.83373494	34.40481928	6.207228916	4.395180723	3.113253012	7.190361446	0.698795181	0.772289157	0.242168675	0.793975904	11.34819277
C049	22.38433735	23.40240964	17.35060241	8.156626506	6.737349398	3.369879518	5.95060241	1.824096386	0.445783133	1.025301205	9.353012048
C050	26.50722892	22.18313253	9.639759036	9.114457831	4.186746988	8.468674699	2.213253012	1.144578313	0.606024096	0.76746988	15.1686747
C051	18.40361446	30.59759036	17.8373494	9.144578313	7.886746988	2.413253012	1.727710843	1.56626506	0.85060241	0.946987952	8.625301205
C053	54.25301205	14.68072289	1.797590361	12.08674699	4.095180723	2.118072289	1.66746988	1.348192771	0.755421687	0.661445783	6.536144578
C054	27.62168675	37.80722892	7.143373494	7.085542169	7.620481928	1.56626506	0.579518072	0.992771084	0.520481928	0.787951807	8.274698795
C055	29.47951807	25.68795181	5.084337349	12.14939759	10.28072289	3.421686747	1.13253012	1.592771084	0.503614458	1.331325301	9.336144578
C056	16.09759036	40.20240964	6.877108434	12.5060241	4.279518072	8.48313253	0.836144578	0.955421687	0.6	1.074698795	8.087951807
C057	31.79518072	17.45301205	5.34939759	18.20963855	8.015662651	6.393975904	1.090361446	1.53373494	0.413253012	1.107228916	8.638554217
C058	27.96385542	25.7313253	4.85060241	12.1939759	11.07349398	6.113253012	0.890361446	1.059036145	0.277108434	2.042168675	7.804819277
C060	15.16746988	38.49156627	7.628915663	6.73253012	6.692771084	4.512048193	10.36746988	0.901204819	0.487951807	1.387951807	7.630120482
C061	17.05421687	45.78915663	6.345783133	6.485542169	9.463855422	5.410843373	0.445783133	0.748192771	0.213253012	0.862650602	7.180722892
C062	18.62168675	17.44096386	8.748192771	11.1939759	8.146987952	11.07228916	10.75301205	2.338554217	0.257831325	1.410843373	10.01566265
C063	17.0373494	47.6939759	12.02650602	6.714457831	4.678313253	1.698795181	0.995180723	1.692771084	0.213253012	0.879518072	6.369879518
C064	24.38313253	33.46385542	9.230120482	8.603614458	5.21686747	3.386746988	6.675903614	0.654216867	0.309638554	0.539759036	7.536144578
C065	26.91445783	33.47710843	8.991566265	8.842168675	6.459036145	1.226506024	1.692771084	1.179518072	0.21686747	0.797590361	10.20240964
C066	35.7746988	11.69638554	5.25060241	14.3686747	10.96144578	2.626506024	5.387951807	1.208433735	1.491566265	0.857831325	10.37590361
C067	29.37831325	19.69277108	6.868674699	14.69518072	11.05783133	5.377108434	1.372289157	1.953012048	0.274698795	1.103614458	8.226506024
C068	31.35662651	27.67831325	6.021686747	11.12771084	3.898795181	2.107228916	2.462650602	1.76626506	0.392771084	1.815662651	11.37228916
C069	33.55542169	18.59638554	5.985542169	12.94698795	6.802409639	7.298795181	3.002409639	1.54939759	0.290361446	1.089156627	8.88313253
D001	38.64939759	11.99759036	6.109638554	11.65180723	4.095180723	7.227710843	3.562650602	1.571084337	0.977108434	1.202409639	12.95542169
D002	15.57951807	8.339759036	6.886746988	20.65301205	0.865060241	1.719277108	13.38915663	1.96746988	0.693975904	1.677108434	28.22891566
D003	38.9626506	28.20481928	5.027710843	8.306024096	4.727710843	3.075903614	0.628915663	1.295180723	1.025301205	0.74939759	7.996385542
D004	34.67108434	19.8939759	13.69036145	7.055421687	3.339759036	4.381927711	0.745783133	1.306024096	1.437349398	1.010843373	12.46746988
D005	35.57710843	28.25421687	11.94939759	7.475903614	2.348192771	2.039759036	0.601204819	1.878313253	1.406024096	0.663855422	7.806024096
D006	14.10722892	28.7253012	17.76506024	10.1060241	0.56626506	1.359036145	5.010843373	1.319277108	0.640963855	1.33253012	19.06746988
D007	16.6060241	14.83975904	5.638554217	20.35662651	0.53253012	1.346987952	9.319277108	2.269879518	1.419277108	1.93373494	25.7373494
D008	24.13012048	31.4626506	11.92891566	11.86746988	1.284337349	1.248192771	3.120481928	2.191566265	1.122891566	1.104819277	10.53855422
D009	28.34096386	37.88915663	6.020481928	7.327710843	2.621686747	2.731325301	1.41686747	1.2	1.715662651	1.306024096	9.430120482
D010	21.41325301	22.1	19.60120482	9.289156627	1.421686747	2.440963855	2.156626506	1.210843373	0.607228916	1.409638554	18.34939759
D011	33.79879518	27.41325301	4.538554217	9.759036145	2.104819277	3.355421687	1.626506024	1.396385542	2.356626506	1.74939759	11.90120482
D012	33.08313253	17.86385542	7.036144578	9.373493976	2.826506024	6.056626506	2.162650602	1.084337349	0.796385542	2.163855422	17.55301205
D013	35.98313253	19.83855422	8.902409639	7.672289157	3.363855422	5.173493976	1.224096386	1.353012048	0.619277108	1.796385542	14.07349398
D014	32.47951807	18.33975904	7.365060241	11.24457831	2.636144578	2.707228916	3.436144578	2.195180723	2.518072289	2.322891566	14.75542169
D015	20.48915663	33.94337349	11.60722892	7.606024096	1.343373494	3.310843373	2.959036145	1.345783133	0.691566265	1.287951807	15.41566265
D016	36.4746988	13.93855422	15.83614458	7.725301205	4.592771084	3.814457831	0.971084337	0.878313253	0.737349398	0.96746988	14.06385542
D017	36.46024096	19.46626506	13.34096386	9.945783133	3.209638554	2.148192771	1.953012048	1.891566265	0.787951807	0.861445783	9.934939759
D018	22.28313253	31.65542169	19.90481928	7.925301205	1.036144578	0.924096386	1.478313253	3.038554217	1.23253012	0.781927711	9.739759036
D019	20.93493976	18.08433735	12.39036145	12.05060241	1.872289157	10.6373494	3.646987952	0.993975904	0.559036145	1.459036145	17.37108434
D020	30.36024096	9.989156627	7.420481928	18.86024096	2.403614458	5.031325301	5.763855422	1.539759036	0.910843373	1.877108434	15.84337349
D021	30.54457831	24.45060241	14.61927711	8.671084337	1.844578313	1.85060241	3.402409639	2.355421687	0.878313253	1.010843373	10.37228916
D022	38.81204819	20.4626506	7.43253012	9.618072289	2.457831325	2.738554217	1.263855422	1.504819277	1.168674699	2.054216867	12.48674699
D023	37.27710843	13.87590361	7.722891566	11.49036145	3.525301205	6.044578313	2.407228916	1.484337349	0.951807229	1.748192771	13.47228916
D024	30.68433735	9.798795181	14.09759036	9.246987952	4.357831325	9.991566265	1.640963855	1.103614458	0.737349398	1.012048193	17.32891566
D025	25.21927711	17.41325301	15.74216867	12.04939759	2.004819277	2.76626506	4.83253012	1.285542169	0.622891566	1.302409639	16.76144578
D026	28.36024096	33.2686747	10.28795181	9.140963855	1.25060241	3.048192771	1.162650602	1.43373494	1.237349398	1.091566265	9.718072289
D027	34.11204819	22.63373494	3.896385542	10.22650602	1.620481928	6.674698795	0.692771084	2.018072289	1.791566265	1.934939759	14.39879518
D028	28.73253012	28.2686747	11.97831325	9.477108434	2.11686747	4.240963855	1.528915663	1.710843373	0.589156627	0.877108434	10.47951807
D029	33.94096386	9.443373494	8.110843373	11.81325301	2.913253012	8.35060241	0.943373494	2.014457831	0.86746988	2.497590361	19.10481928
D030	38.43493976	16.40722892	10.81084337	14.21566265	3.590361446	4.039759036	1.459036145	2.036144578	0.804819277	0.698795181	7.502409639
D032	56.28072289	17.16144578	5.13253012	6.308433735	1.992771084	2.306024096	0.398795181	1.984337349	0.948192771	1.045783133	6.440963855
D033	44.15060241	15.35783133	12.66746988	8.075903614	2.690361446	3.390361446	0.360240964	1.212048193	0.518072289	0.704819277	10.87228916
D034	29.50722892	7.327710843	4.824096386	14.39879518	5.965060241	5.468674699	2.256626506	3.561445783	2.468674699	2.484337349	21.7373494
D035	33.71204819	10.73975904	14.05301205	10.9253012	5.981927711	6.108433735	2.169879518	2.55060241	1.084337349	1.856626506	10.81807229
D036	38.94698795	9.219277108	19.93614458	8.15060241	4.157831325	5.154216867	1.421686747	2.15060241	0.625301205	1.228915663	9.008433735
D037	37.52168675	8.002409639	5.875903614	10.91325301	10.43975904	5.030120482	1.791566265	2.43373494	1.738554217	1.881927711	14.37108434
D038	42.22048193	8.66626506	8.545783133	8.609638554	3.975903614	2.496385542	2.322891566	2.869879518	0.812048193	2.448192771	17.03253012
D039	36.29277108	11.42771084	10.66385542	9.269879518	8.191566265	2.154216867	0.577108434	2.878313253	0.721686747	2.102409639	15.72048193
D040	29.25421687	4.45060241	16.83493976	11.98313253	5.468674699	4.478313253	1.593975904	4.321686747	0.784337349	3.209638554	17.62048193
D041	34.92771084	14.76987952	15.19879518	9.95060241	7.592771084	2.924096386	1.521686747	1.526506024	0.897590361	1.609638554	9.080722892
D042	37.57590361	11.4060241	8.104819277	8.710843373	7.231325301	4.880722892	0.971084337	1.601204819	1.502409639	2.753012048	15.2626506
D043	29.06024096	13.50722892	14.80722892	10.72771084	7.728915663	2.238554217	0.601204819	2.059036145	0.736144578	2.56746988	15.96626506
D044	28.6373494	25.4626506	14.09277108	13.10481928	1.538554217	2.101204819	0.853012048	1.709638554	1.121686747	1.53253012	9.845783133
D048	25.02289157	10.09156627	12.08674699	13.38554217	3.728915663	6.002409639	3.090361446	3.084337349	0.397590361	2.614457831	20.49518072
D049	33.74337349	13.93614458	9.395180723	8.88313253	4.245783133	7.330120482	1.044578313	2.756626506	0.854216867	2.012048193	15.79879518
D050	32.0626506	4.74939759	8.073493976	12.92048193	6.084337349	6.214457831	6.559036145	2.918072289	0.337349398	2.681927711	17.39879518
D051	30.76385542	12.05783133	7.291566265	10.25060241	2.821686747	10.79518072	0.954216867	4.828915663	0.7	2.404819277	17.1313253
D057	22.79156627	19.19638554	19.13614458	13.45060241	1.020481928	8.326506024	1.556626506	1.859036145	0.503614458	1.121686747	11.0373494
D058	21.78072289	3.868674699	17.50240964	12.6313253	4.927710843	6.156626506	3.093975904	3.830120482	0.853012048	3.13373494	22.22168675
D059	37.70120482	10.41204819	10.32409639	10.87349398	3.185542169	4.240963855	2.056626506	2.414457831	1.286746988	2.361445783	15.14337349
D060	25.54216867	5.124096386	13.49638554	9.024096386	3.896385542	23.15421687	1.156626506	1.974698795	0.907228916	1.94939759	13.7746988
D061	24.97108434	15.37590361	14.89277108	6.414457831	5.857831325	16.64457831	0.936144578	1.237349398	0.556626506	1.13373494	11.97951807
D062	44.02650602	5.161445783	8.760240964	11.82891566	6.2	5.018072289	1.126506024	3.222891566	1.509638554	1.287951807	11.85783133
D063	24.30843373	3.577108434	22.21927711	11.80120482	2.795180723	3.375903614	2.112048193	3.936144578	1.430120482	2.273493976	22.17108434
D064	31.73614458	10.82650602	9.907228916	13.46626506	3.372289157	4.213253012	1.726506024	2.654216867	1.693975904	1.461445783	18.94216867
D065	25.93012048	8.930120482	15.60361446	12.00120482	1.790361446	1.930120482	2.04939759	2.596385542	0.906024096	2.345783133	25.91686747
D066	34.05060241	8.559036145	12.72409639	14.66506024	1.677108434	1.493975904	2.472289157	1.981927711	5.510843373	2.744578313	14.12048193
D067	22.09036145	14.03253012	21.01445783	9.963855422	2.591566265	8.538554217	3.007228916	1.563855422	0.96746988	0.977108434	15.25301205
D068	21.98915663	8.656626506	13.55421687	13.2253012	2.253012048	2.16746988	4.96626506	5.207228916	1.101204819	2.253012048	24.62650602
D069	39.75542169	9.840963855	9.556626506	9.727710843	3.5	4.289156627	2.095180723	1.602409639	1.831325301	1.85060241	15.95060241
D070	33.80481928	7.831325301	10.71204819	11.96385542	1.78313253	1.942168675	1.690361446	2.256626506	0.88313253	2.213253012	24.91927711
D071	26.97590361	7.289156627	18.31204819	9.625301205	6.01686747	5.071084337	1.757831325	1.981927711	1.238554217	1.134939759	20.59638554
D072	19.38072289	18.75542169	25.19638554	9.743373494	0.93253012	1.63373494	1.706024096	1.556626506	0.703614458	1.786746988	18.60481928
D073	24.65060241	13.07710843	25.10722892	10.17349398	1.495180723	2.320481928	1.413253012	2.287951807	0.834939759	2.284337349	16.35542169
D074	14.68554217	11.71807229	27.33614458	12.60722892	0.504819277	2.881927711	0.924096386	3.104819277	0.884337349	2.862650602	22.49036145
D075	44.35542169	11.71325301	5.131325301	11.89759036	1.777108434	4.097590361	3.237349398	1.785542169	0.975903614	1.638554217	13.39036145
D076	27.35783133	24.80722892	18.01686747	6.504819277	1.83373494	3.948192771	1.602409639	1.887951807	1.172289157	0.812048193	12.05662651
D077	42.6373494	14.28192771	7.618072289	8.261445783	2.993975904	5.704819277	1.68313253	1.420481928	1.114457831	1.218072289	13.06626506
D078	20.17228916	25.73253012	28.34337349	6.292771084	0.942168675	1.874698795	1.26746988	1.340963855	1.042168675	0.898795181	12.09277108
D079	36.7313253	14.1939759	9.637349398	10.02771084	1.181927711	6.01686747	1.620481928	1.840963855	1.020481928	1.88313253	15.84578313
D080	39.42771084	15.13614458	7.998795181	11.44337349	1.044578313	2.46746988	1.85060241	1.775903614	2.248192771	1.653012048	14.95421687
D081	22.62409639	14.04819277	18.3253012	10.53373494	0.718072289	4.593975904	3.826506024	2.526506024	0.737349398	1.959036145	20.10722892
E001	35.85180723	27.78915663	6.527710843	6.303614458	3.137349398	4.722891566	0.996385542	1.048192771	2.456626506	1.681927711	9.484337349
E002	33.43855422	35.27590361	5.769879518	5.608433735	5.510843373	1.903614458	1.554216867	0.886746988	1.201204819	1.297590361	7.553012048
E003	18.69036145	20.29759036	24.80722892	10.9060241	1.684337349	1.338554217	2.03253012	1.606024096	0.642168675	2.757831325	15.2373494
E004	25	23.65903614	17.15421687	8.590361446	4.591566265	2.992771084	0.880722892	1.297590361	0.819277108	2.142168675	12.87228916
E005	39.31807229	18.81566265	11.81084337	4.73373494	6.843373494	4.471084337	0.643373494	0.890361446	0.68313253	1.312048193	10.47831325
E006	21.4626506	17.92409639	17.34096386	11.38433735	1.426506024	6.26746988	4.725301205	1.685542169	0.572289157	1.837349398	15.37349398
E007	27.04819277	14.98313253	9.545783133	12.8060241	1.460240964	3.989156627	1.78313253	2.439759036	1.660240964	3.018072289	21.26626506
E008	37.47349398	20.84819277	6.856626506	7.375903614	2.007228916	3.403614458	2.462650602	1.445783133	2.193975904	2.021686747	13.91084337
E009	25.75180723	12.04216867	11.71325301	13.7	2.097590361	3.873493976	5.171084337	2.351807229	0.824096386	3.226506024	19.24819277
E010	41.70963855	15.82891566	5.490361446	8.114457831	3.65060241	4.75060241	1.261445783	1.639759036	2.53253012	1.655421687	13.36626506
E011	38.67228916	19.63975904	7.406024096	6.814457831	4.656626506	4.443373494	1.309638554	1.344578313	1.201204819	1.593975904	12.91807229
E012	36.37710843	16.15180723	8.620481928	7.519277108	4.378313253	5.471084337	0.96626506	1.43253012	0.968674699	2.378313253	15.73614458
E014	27.55662651	29.78795181	3.126506024	7.668674699	1.703614458	7.156626506	2.357831325	1.614457831	1.359036145	1.469879518	16.19879518
E015	32.39518072	31.77951807	5.238554217	5.177108434	2.215662651	5.707228916	1.120481928	1.140963855	1.557831325	1.413253012	12.25421687
E016	44.93855422	19.4060241	4.553012048	8.797590361	0.962650602	5.325301205	1.354216867	1.724096386	0.644578313	1.38313253	10.91084337
E017	27.45783133	15.19879518	13.3686747	10.68313253	3.325301205	9.430120482	1.914457831	2.007228916	0.675903614	1.46746988	14.47108434
E018	25.68433735	12.80120482	3.701204819	15.61927711	1.024096386	5.409638554	6.274698795	1.781927711	2.542168675	2.436144578	22.7253012
E019	29.92409639	22.87951807	10.31686747	5.631325301	2.886746988	9.227710843	0.391566265	1.043373494	0.584337349	1.455421687	15.65903614
E020	17.33975904	14.48313253	15.10722892	19.12771084	1.224096386	3.875903614	2.18313253	3.268674699	0.877108434	2.960240964	19.55301205
E021	34.57590361	13.22771084	19.1253012	7.630120482	3.845783133	6.114457831	2.125301205	1.313253012	0.298795181	1.448192771	10.29518072
E022	32.42650602	30.49036145	10.29879518	5.585542169	2.643373494	3.373493976	0.860240964	1.075903614	0.869879518	1.278313253	11.09759036
E023	28.15421687	18.49879518	10.27831325	12.7939759	2.904819277	2.439759036	2.684337349	3.472289157	1.226506024	2.013253012	15.53373494
E024	36.8686747	24.73373494	9.896385542	5.793975904	3.993975904	3.908433735	0.674698795	1.001204819	0.908433735	1.220481928	11
E025	42.89638554	10.11204819	13.38915663	9.019277108	5.662650602	5.043373494	1.198795181	1.510843373	0.4	1.4	9.36746988
E026	32.32891566	10.16144578	11.59518072	12.25662651	6.169879518	4.180722892	2.753012048	4.068674699	1.026506024	2.36746988	13.09156627
E027	40.33373494	15.03493976	11.84939759	7.536144578	5.787951807	3.277108434	0.934939759	1.937349398	1.081927711	1.404819277	10.82168675
E028	37.98192771	14.27710843	15.69277108	6.171084337	4.118072289	5.545783133	0.448192771	1.177108434	0.719277108	1.168674699	12.7
E030	27.95542169	18.89759036	18.0746988	9.14939759	4.944578313	2.51686747	0.71686747	2.807228916	0.807228916	2.227710843	11.90240964
E031	36.53614458	18.96024096	13.11566265	7.856626506	4.3	2.318072289	0.928915663	2.945783133	0.875903614	1.791566265	10.37108434
E032	52.64096386	7.669879518	9.909638554	7.291566265	4.391566265	3.546987952	1.393975904	2.002409639	1.356626506	1.477108434	8.319277108
E033	49.32168675	14.26746988	9.140963855	6.565060241	2.786746988	2.587951807	0.806024096	1.5	0.612048193	1.615662651	10.79638554
E034	41.31566265	18.5686747	13.30722892	5.938554217	4.225301205	3.793975904	0.465060241	1.54939759	0.695180723	1.262650602	8.878313253
E035	41.82168675	12.23855422	15.36144578	5.697590361	3.090361446	3.996385542	0.54939759	1.087951807	0.551807229	1.484337349	14.12048193
E036	23.55662651	22.80240964	23.85903614	8.022891566	2.520481928	4.726506024	1.045783133	1.291566265	0.939759036	1.714457831	9.520481928
G007	30.29156627	9.312048193	6.940963855	8.856626506	22.57710843	3.718072289	0.731325301	2.05060241	0.539759036	1.21686747	13.76506024
G008	31.79759036	9.575903614	5.248192771	8.492771084	25.58313253	3.21686747	0.344578313	1.881927711	0.444578313	0.731325301	12.68313253
G009	25.82891566	21.31566265	7.343373494	7.646987952	15.01325301	6.851807229	1.45060241	1.738554217	1.154216867	0.93253012	10.72409639
G010	19.4313253	13.57590361	10.85421687	11.20361446	18.91686747	6.210843373	4.919277108	1.53373494	0.598795181	0.895180723	11.86024096
G017	22.62891566	24.62409639	13.82891566	6.884337349	8.343373494	4.659036145	2.16746988	0.86626506	0.543373494	0.961445783	14.49277108
G018	17.31084337	16.49759036	26.32168675	10.22771084	9.519277108	2.639759036	3.56746988	0.719277108	0.589156627	1.069879518	11.5373494
G021	21.02650602	33.49518072	12.68433735	6.295180723	7.878313253	3.444578313	0.920481928	0.851807229	0.601204819	0.795180723	12.00722892
G026	19.25903614	21.42168675	8.304819277	13.36746988	12.52048193	3.36626506	4.413253012	1.114457831	0.46746988	1.589156627	14.17590361
G027	12.82289157	8.301204819	23.36506024	18.85662651	5.678313253	4.268674699	6.793975904	0.975903614	0.727710843	1.554216867	16.65542169
N001	36.81927711	10.44457831	11.0373494	10.99638554	3.165060241	2.020481928	3.44939759	0.886746988	0.489156627	1.171084337	19.52048193
N002	22.91927711	15.82289157	12.47710843	17.16385542	7.475903614	1.098795181	5.604819277	1.481927711	0.655421687	1.401204819	13.89879518
N003	31.7746988	18.76746988	5.401204819	18.42409639	2.572289157	3.161445783	4.238554217	1.079518072	0.537349398	1.23253012	12.81084337
N004	28.61566265	18.35662651	7.342168675	18.73253012	2.903614458	2.462650602	3.621686747	1.096385542	0.601204819	1.340963855	14.92650602
N005	17.1746988	11.99036145	26.81686747	12.48795181	0.685542169	0.740963855	2.079518072	1.497590361	2.448192771	1.21686747	22.86144578
N006	20.64096386	34.9939759	10.05301205	14.50240964	2.880722892	1.734939759	1.757831325	1.322891566	0.58313253	1.044578313	10.48554217
N007	29.75783133	19.98674699	7.087951807	15.69879518	8.491566265	1.392771084	2.069879518	1.498795181	0.863855422	1.03253012	12.11927711
N008	28.56506024	5.325301205	22.87590361	14.1060241	1.960240964	2.360240964	2.161445783	1.437349398	2.272289157	1.145783133	17.79036145
N009	41.78795181	8.086746988	8.755421687	18.01445783	3.751807229	3.855421687	2.48313253	0.83373494	0.577108434	0.906024096	10.94819277
N011	39.08795181	10.82650602	12.55060241	8.501204819	6.902409639	4.734939759	0.413253012	2.015662651	1.598795181	0.759036145	12.60963855
N012	42.64578313	7.697590361	14.1	10.54216867	3.712048193	2.596385542	3.831325301	1.281927711	0.73253012	1.060240964	11.8
N013	49.4686747	3.855421687	8.83373494	11.71686747	6.924096386	3.851807229	0.740963855	1.915662651	1.908433735	0.725301205	10.05903614
N014	44.94337349	6.790361446	11.30361446	9.084337349	5.026506024	5.695180723	0.596385542	1.58313253	1.791566265	0.737349398	12.44819277
N031	40.87108434	6.613253012	18.85060241	9.051807229	6.904819277	2.609638554	2.355421687	0.843373494	0.668674699	0.678313253	10.55301205
N032	33.43975904	10.00240964	29.33253012	9.348192771	6.514457831	3.298795181	0.355421687	1.034939759	0.744578313	0.468674699	5.460240964
N039	30.86746988	8.459036145	14.21927711	19.34457831	2.140963855	3.671084337	2.037349398	3.087951807	1.24939759	1.239759036	13.68313253
N040	52.51927711	1.685542169	6.273493976	14.15060241	2.259036145	3.21686747	1.738554217	2.025301205	2.891566265	1.019277108	12.22048193
N041	30.81325301	6.008433735	13.20963855	15.49277108	4.130120482	4.8	2.602409639	3.202409639	1.592771084	1.593975904	16.55421687
N042	43.43012048	5.006024096	15.35903614	15.22289157	2.25060241	2.23373494	4.303614458	1.587951807	1.198795181	0.638554217	8.768674699
N043	46.91325301	4.098795181	5.502409639	14.90481928	1.975903614	2.362650602	1.551807229	1.660240964	3.457831325	0.96626506	16.6060241
N044	38.51927711	6.168674699	15.77590361	10.45783133	4.612048193	5.05060241	2.068674699	1.5	0.687951807	1.051807229	14.10722892
N045	46.71084337	4.153012048	7.839759036	9.879518072	5.528915663	4.215662651	1.020481928	2.636144578	1.834939759	1.279518072	14.90120482
N046	39.3626506	15.00120482	13.61566265	11.4939759	3.915662651	1.351807229	0.737349398	1.812048193	0.978313253	0.936144578	10.79518072
X001	16.62409639	46.5253012	5.572289157	9.578313253	5.062650602	2.979518072	2.238554217	0.578313253	0.224096386	0.893975904	9.722891566
X002	20.97710843	9.265060241	14.34096386	17.07228916	6.790361446	4.354216867	6.260240964	2.838554217	0.818072289	1.651807229	15.6313253
X003	25.82289157	45.03253012	5.736144578	6.851807229	4.754216867	1.753012048	1.609638554	0.63373494	0.355421687	0.581927711	6.868674699
X004	20.1939759	21.09879518	13.06506024	9.94939759	11.84457831	5.010843373	4.834939759	1.06746988	1.087951807	1.393975904	10.45301205
X005	16.69638554	25.28433735	4.342168675	15.81445783	7.736144578	2.978313253	7.802409639	1.151807229	0.26626506	1.055421687	16.87228916
X006	16.19638554	50.57228916	4.820481928	8.655421687	6.060240964	3.296385542	2.075903614	0.8	0.328915663	0.686746988	6.507228916
X007	11.25421687	40.85783133	12.71927711	8.297590361	8.343373494	2.215662651	4.781927711	0.886746988	2.304819277	0.810843373	7.527710843
X008	27.2	35.12289157	7.565060241	4.672289157	7.231325301	7.074698795	2.374698795	0.980722892	0.439759036	0.646987952	6.691566265
X009	11.98192771	19.71204819	12.68674699	10.26024096	11.49277108	3.225301205	16.29036145	0.768674699	0.722891566	1.195180723	11.66385542
X010	22.74939759	29.20361446	9.720481928	6.901204819	10.40722892	6.18313253	1.845783133	0.73253012	0.179518072	1.228915663	10.84819277
X011	10.43493976	42.60120482	8.439759036	7.285542169	12.31807229	1.65060241	5.280722892	0.73253012	0.634939759	0.991566265	9.630120482
X012	16.19277108	41.26506024	5.644578313	10.71927711	5.996385542	2.228915663	5.659036145	0.773493976	0.309638554	0.897590361	10.31325301
X014	8.51686747	23.98072289	9.868674699	13.45783133	8.748192771	3.259036145	13.25060241	1.089156627	0.469879518	1.471084337	15.88795181
X015	25.74578313	27.08795181	7.03373494	6.781927711	16.3746988	6.165060241	3.059036145	0.589156627	0.320481928	0.53253012	6.309638554
X016	18.79638554	25.48072289	15.98072289	8.012048193	15.67710843	2.138554217	1.725301205	0.892771084	0.802409639	0.986746988	9.507228916
X017	29.35421687	16.01927711	6.879518072	14.12048193	10.7060241	2.559036145	6.490361446	1.413253012	0.340963855	0.786746988	11.33012048
X018	17.27228916	26.96987952	9.539759036	12.01204819	6.86746988	3.357831325	4.35060241	1.486746988	1.55060241	1.546987952	15.04578313
X019	12	43.71566265	22.73373494	3.693975904	6.087951807	2.607228916	0.990361446	0.496385542	0.422891566	0.56626506	6.685542169
X020	17.97831325	10.41325301	22.35060241	7.895180723	17.90843373	3.546987952	5.291566265	1.344578313	0.937349398	1.074698795	11.25903614
X021	12.78313253	22.45783133	35.28192771	6.213253012	8.860240964	2.644578313	1.838554217	0.614457831	0.914457831	1.120481928	7.271084337
X022	17.56746988	36.84578313	14.45903614	7.931325301	6.339759036	3.287951807	1.609638554	0.924096386	0.621686747	0.737349398	9.675903614
X023	24.42048193	37.11445783	5.021686747	4.375903614	12.61325301	6.010843373	1.008433735	1.007228916	0.386746988	0.610843373	7.430120482
X024	17.33975904	24.86385542	18.04457831	7.76626506	12.76746988	5.938554217	2.642168675	0.971084337	0.493975904	0.984337349	8.187951807
X025	14.78192771	41.93614458	9.710843373	5.679518072	8.031325301	7.236144578	1.844578313	1.055421687	0.525301205	0.937349398	8.261445783
X026	35.18554217	15.16385542	8.096385542	8.265060241	14.35903614	4.484337349	1.778313253	1.81686747	1.054216867	1.118072289	8.678313253
X027	19.82771084	9.304819277	14.49638554	12.3686747	15.68192771	7.263855422	8.843373494	1.214457831	0.643373494	1.246987952	9.108433735
X028	17.81445783	16.3626506	9.293975904	15.75060241	12.64216867	4.087951807	8.021686747	1.284337349	0.63373494	1.819277108	12.28915663
X029	12.15060241	5.061445783	16.10361446	15.89879518	11.68072289	3.848192771	12.93855422	1.56746988	0.490361446	2.009638554	18.25060241
X030	39.65783133	11.05180723	7.581927711	10.12650602	11.88554217	4.231325301	2.057831325	1.743373494	1.087951807	1.181927711	9.393975904
X031	14.94939759	14.0060241	15.61686747	14.92771084	12.15662651	4.538554217	6.942168675	1.074698795	1.080722892	1.190361446	13.51686747
X032	35.2060241	14.64457831	9.653012048	8.78313253	10.57108434	4.031325301	4.874698795	1.062650602	0.859036145	1.002409639	9.312048193
X033	23.1373494	6.044578313	17.52409639	17.37349398	8.368674699	3.828915663	6.348192771	1.061445783	0.539759036	0.789156627	14.98433735
X034	14.21325301	19.68433735	22.54819277	12.80722892	7.939759036	1.920481928	5.413253012	0.803614458	1.027710843	0.83253012	12.80963855
X035	25.70120482	8.060240964	16.11325301	11.5939759	9.497590361	6.040963855	7.78313253	1.138554217	0.491566265	1.007228916	12.57228916
X036	22.80240964	9.146987952	21.83493976	10.40240964	15.55060241	7.553012048	1.772289157	0.685542169	0.457831325	1.080722892	8.713253012
X038	23.81204819	17.26626506	16.51084337	15.11084337	6.212048193	3.120481928	4.520481928	1.348192771	0.469879518	1.068674699	10.56024096
X039	7.137349398	15.95903614	24.23493976	15.62891566	4.718072289	0.746987952	12.21566265	1.03253012	0.424096386	1.425301205	16.47710843
X040	23.30843373	29.65662651	13.48192771	6.514457831	11.80963855	5.607228916	1.963855422	0.784337349	0.363855422	0.696385542	5.813253012
X041	20.76506024	12.12771084	22.12771084	14.13493976	6.420481928	4.237349398	5.036144578	1.207228916	1.022891566	1.46746988	11.45301205
X042	28.35421687	13.66144578	15.03253012	8.786746988	8.581927711	2.968674699	6.609638554	1.197590361	0.791566265	1.361445783	12.65421687
X043	28.27228916	24.14457831	11.95903614	8.893975904	5.484337349	6.491566265	2.286746988	1.585542169	1.787951807	0.925301205	8.168674699
X044	20.55180723	9.542168675	9.838554217	14.12168675	9.324096386	4.419277108	3.887951807	1.008433735	4.893975904	1.64939759	20.7626506
X045	32.35783133	17.7060241	11.34698795	9.207228916	10.23975904	6.619277108	1.775903614	1.327710843	1.359036145	0.798795181	7.261445783
X046	19.94457831	35.36746988	7.577108434	10.45783133	8.497590361	4.268674699	2.844578313	1.748192771	0.697590361	0.96626506	7.630120482
X047	27.81686747	11.08072289	11.40240964	12.96626506	12.80361446	5.465060241	2.074698795	1.262650602	1.620481928	1.46626506	12.04096386
X048	13.88313253	40.98072289	13.70120482	7.845783133	7.06746988	3.548192771	1.809638554	0.895180723	0.46746988	0.772289157	9.028915663
X049	23.43975904	10.96506024	8.397590361	17.28915663	8.261445783	3.004819277	4.360240964	1.919277108	2.389156627	3.16626506	16.80722892
X050	30.70722892	15.65180723	18.07710843	9.215662651	7.086746988	6.359036145	1.331325301	1.46626506	1.468674699	0.902409639	7.73373494
X051	21.56144578	11.87831325	17.11084337	6.859036145	17.75783133	7.148192771	1.186746988	0.927710843	1.343373494	3.036144578	11.19036145
X052	27.0626506	22.54819277	12.2253012	7.868674699	12.95060241	5.112048193	1.080722892	1.468674699	1.092771084	1.373493976	7.21686747
X053	22.16626506	25.40120482	14.95783133	7.602409639	10.22650602	9.66626506	0.855421687	1.348192771	0.692771084	0.684337349	6.398795181
X055	11.95060241	21.52771084	19.00481928	14.32168675	2.75060241	3.510843373	4.357831325	1.060240964	4.36626506	1.786746988	15.3626506
X056	12.55662651	21.99759036	13.39638554	18.0746988	5.974698795	8.886746988	3.556626506	1.030120482	1.562650602	1.097590361	11.86626506
X057	17.32289157	21.46987952	12.45301205	16.53493976	5.938554217	6.937349398	2.865060241	1.457831325	1.880722892	1.804819277	11.33493976
X058	25.34939759	19.03855422	12.19277108	14.59879518	7.054216867	7.295180723	2.98313253	1.174698795	1.408433735	0.871084337	8.03373494
X059	14.51084337	34.47590361	14.44939759	10.50843373	3.596385542	5.8	3.877108434	0.838554217	1.275903614	1.1	9.56746988
X060	27.2746988	21.98192771	10.36506024	9.08313253	8.451807229	8.651807229	2.186746988	1.544578313	1.369879518	1.127710843	7.962650602
X062	16.33373494	34.40963855	10.27349398	13.80963855	3.348192771	7.624096386	3.191566265	1.163855422	1.559036145	0.880722892	7.406024096
X063	15.68674699	13.84457831	7.985542169	33.24819277	4.78313253	2.138554217	7.773493976	0.86746988	1.04939759	1.079518072	11.54337349
X065	31.34216867	10.82650602	10.70963855	13.12168675	12.99036145	5.953012048	1.151807229	1.580722892	0.843373494	2.007228916	9.473493976
X066	26.03975904	24.17590361	10.56024096	5.343373494	11.19036145	9.918072289	1.313253012	0.836144578	1.393975904	1.280722892	7.948192771
X067	28.47831325	25.14216867	15.41325301	4.610843373	6.674698795	8.659036145	1.374698795	0.908433735	0.981927711	0.898795181	6.857831325
X068	16.9686747	25.45903614	9.837349398	11.47951807	5.379518072	8.838554217	7.139759036	1.091566265	1.980722892	1.622891566	10.20240964
X069	21.25662651	9.165060241	10.68674699	16.52289157	8.610843373	4.137349398	2.875903614	1.537349398	3.434939759	2.148192771	19.62409639
Y001	32.62048193	24.54216867	14.77228916	8.827710843	2.027710843	5.722891566	2.338554217	1.026506024	0.462650602	0.975903614	6.68313253
Y002	27.81686747	18.05783133	21.12409639	9.134939759	2.215662651	6.84939759	1.001204819	1.073493976	0.440963855	0.88313253	11.40240964
Y004	19.99879518	30.47349398	16.4626506	10.48192771	2.331325301	0.704819277	5.228915663	2.496385542	0.322891566	1.579518072	9.919277108
Y005	29.77349398	30.63012048	11.0253012	11.07710843	0.626506024	1.261445783	3.224096386	1.704819277	0.609638554	1.130120482	8.937349398
Y006	28.15662651	34.41084337	11.18072289	11.16987952	0.586746988	2.122891566	1.414457831	1.273493976	0.606024096	0.960240964	8.118072289
Y007	18.75060241	21.77710843	11.31445783	17.0060241	0.840963855	1.346987952	3.812048193	1.827710843	0.353012048	1.795180723	21.17590361
Y008	15.29638554	17.03975904	9.645783133	21.85662651	2.880722892	0.574698795	11.22048193	5.072289157	0.618072289	1.989156627	13.8060241
Y009	17.71927711	8.248192771	11.67108434	29.29759036	0.686746988	0.738554217	8.419277108	0.895180723	0.487951807	2.5	19.33614458
Y010	27.5060241	27.59156627	7.284337349	13.13373494	0.536144578	1.26626506	3.279518072	1.534939759	2.320481928	1.419277108	14.12771084
Y011	24.90843373	18.4253012	12.19759036	15.27831325	1.089156627	1.854216867	2.704819277	2.463855422	1.03373494	1.939759036	18.10481928
Y012	29.02771084	30.65421687	10.38915663	11.43253012	0.808433735	2.738554217	1.16626506	1.46746988	0.372289157	1.201204819	10.74216867
Y013	27.92891566	9.824096386	11.18915663	13.46506024	8.944578313	4.071084337	7.120481928	0.957831325	0.373493976	2.513253012	13.61204819
Y014	36.42048193	22.82289157	9.187951807	10.46987952	1.004819277	4.863855422	1.043373494	2.096385542	0.743373494	1.377108434	9.969879518
Y015	23.53253012	37.75180723	12.56987952	8.555421687	0.701204819	3.544578313	0.663855422	2.159036145	0.363855422	0.814457831	9.343373494
Y016	38.47590361	14.96746988	13.70722892	11.2060241	4.44939759	3.253012048	1.36626506	1.107228916	0.734939759	1.615662651	9.11686747
Y017	36.45421687	12.79036145	13.16024096	10.83855422	7.015662651	3.362650602	1.948192771	1.351807229	0.834939759	2.508433735	9.734939759
Y018	19.53012048	35.90120482	17.03614458	7.98313253	0.339759036	4.210843373	1.459036145	1.408433735	0.384337349	0.946987952	10.8
Y019	24.98795181	30.13614458	19.32048193	8.103614458	0.780722892	4.265060241	1.13253012	1.414457831	0.34939759	0.825301205	8.684337349
Y020	19.81325301	35.46626506	16.17349398	9.363855422	0.544578313	4.203614458	2.21686747	1.451807229	0.397590361	0.990361446	9.378313253
Y021	29.34457831	28.61084337	17.46385542	7.504819277	0.626506024	2.857831325	1.063855422	1.395180723	0.343373494	0.836144578	9.953012048
Y022	28.11084337	11.08915663	12.63373494	20.51927711	2.153012048	2.659036145	6.5	0.781927711	0.571084337	1.581927711	13.4
Y023	54.30722892	4.506024096	9.062650602	7.455421687	14.1746988	1.838554217	1.145783133	1.086746988	0.271084337	0.795180723	5.356626506
Y024	26.5373494	16.91325301	10.40240964	21.54698795	4.279518072	3.322891566	3.645783133	1.159036145	1.11686747	2.003614458	9.072289157
Y025	14.74578313	41.3626506	19.42289157	7.81686747	0.503614458	2.613253012	1.985542169	1.159036145	0.298795181	0.906024096	9.185542169
Y026	18.70361446	21.86506024	12.8626506	15.5626506	6.154216867	2.089156627	6.922891566	1.242168675	0.353012048	1.254216867	12.99036145
Y027	16.39036145	49.41445783	13.84337349	8.209638554	0.562650602	1.38313253	0.46746988	1.313253012	0.343373494	0.698795181	7.373493976
Y028	12.07228916	31.21445783	9.192771084	20.50722892	1.373493976	1.814457831	5.774698795	0.910843373	0.386746988	1.580722892	15.17228916
Y029	23.08072289	33.63253012	11.87831325	11.45783133	2.896385542	1.908433735	2.463855422	1.057831325	1.008433735	1.273493976	9.342168675
Y030	7.13373494	32.53012048	32.4060241	8.331325301	0.709638554	1.338554217	4.156626506	1.265060241	0.262650602	1.191566265	10.6746988
Y031	33.2626506	16.83614458	16.33975904	11.34096386	4.413253012	2.904819277	2.839759036	1.643373494	0.492771084	0.86746988	9.059036145
Y032	25.88674699	25.40481928	20.14216867	9.877108434	1.171084337	4.834939759	0.66626506	1.56746988	0.26626506	0.904819277	9.278313253
Y033	23.14819277	36.09156627	15.08192771	9.331325301	1.512048193	1.901204819	1.434939759	0.76746988	0.661445783	1.404819277	8.665060241
Y034	19.21084337	44.65662651	17.04698795	5.961445783	0.651807229	1.824096386	1.048192771	0.893975904	0.25060241	1.179518072	7.275903614
Y035	20.26987952	40.79156627	13.69759036	6.638554217	0.787951807	3.742168675	1.571084337	1.277108434	0.287951807	1.480722892	9.455421687
Y036	25.89518072	24.81325301	16.73975904	8.238554217	2.044578313	9.509638554	0.680722892	1.320481928	0.437349398	1.020481928	9.3
Y037	44.32409639	23.53373494	7.056626506	7.4	2.168674699	4.322891566	0.679518072	1.271084337	1.54939759	1.126506024	6.56746988
Y038	27.24337349	18.60843373	17.46987952	12.22891566	3.172289157	3.791566265	2.780722892	1.669879518	0.353012048	1.009638554	11.67228916
	27.24573156	19.95400825	13.531187	11.07019361	4.595122123	4.197058272	2.464886785	1.615979091	1.358820496	1.296767615	12.67024518
	9.900032989	10.19833973	6.525400133	4.321296847	3.751230674	2.70777816	2.251607957	0.681295144	1.284334708	0.544207609	4.569327533
